    0    0  100
    0    1  105
    0    2  110
    0    3  115
    0    4  120
    0    5  125
    0    6  130
    0    7  135
    0    8  140
    0    9  145
    0   10  150
    0   11  155
    0   12  160
    0   13  165
    0   14  170
    0   15  175
    0   16  180
    0   17  185
    0   18  190
    0   19  195
    0   20  200
    1    0   90
    1    1   95
    1    2  100
    1    3  105
    1    4  110
    1    5  115
    1    6  120
    1    7  125
    1    8  130
    1    9  135
    1   10  140
    1   11  145
    1   12  150
    1   13  155
    1   14  160
    1   15  165
    1   16  170
    1   17  175
    1   18  180
    1   19  185
    2    0   80
    2    1   85
    2    2   90
    2    3   95
    2    4  100
    2    5  105
    2    6  110
    2    7  115
    2    8  120
    2    9  125
    2   10  130
    2   11  135
    2   12  140
    2   13  145
    2   14  150
    2   15  155
    2   16  160
    2   17  165
    2   18  170
    2   19  175
    3    0   70
    3    1   75
    3    2   80
    3    3   85
    3    4   90
    3    5   95
    3    6  100
    3    7  105
    3    8  110
    3    9  115
    3   10  120
    3   11  125
    3   12  130
    3   13  135
    3   14  140
    3   15  145
    3   16  150
    3   17  155
    3   18  160
    3   19  165
    4    0   60
    4    1   65
    4    2   70
    4    3   75
    4    4   80
    4    5   85
    4    6   90
    4    7   95
    4    8  100
    4    9  105
    4   10  110
    4   11  115
    4   12  120
    4   13  125
    4   14  130
    4   15  135
    4   16  140
    4   17  145
    4   18  150
    4   19  155
    5    0   50
    5    1   55
    5    2   60
    5    3   65
    5    4   70
    5    5   75
    5    6   80
    5    7   85
    5    8   90
    5    9   95
    5   10  100
    5   11  105
    5   12  110
    5   13  115
    5   14  120
    5   15  125
    5   16  130
    5   17  135
    5   18  140
    5   19  145
    6    0   40
    6    1   45
    6    2   50
    6    3   55
    6    4   60
    6    5   65
    6    6   70
    6    7   75
    6    8   80
    6    9   85
    6   10   90
    6   11   95
    6   12  100
    6   13  105
    6   14  110
    6   15  115
    6   16  120
    6   17  125
    6   18  130
    7    0   30
    7    1   35
    7    2   40
    7    3   45
    7    4   50
    7    5   55
    7    6   60
    7    7   65
    7    8   70
    7    9   75
    7   10   80
    7   11   85
    7   12   90
    7   13   95
    7   14  100
    7   15  105
    7   16  110
    7   17  115
    7   18  120
    8    0   20
    8    1   25
    8    2   30
    8    3   35
    8    4   40
    8    5   45
    8    6   50
    8    7   55
    8    8   60
    8    9   65
    8   10   70
    8   11   75
    8   12   80
    8   13   85
    8   14   90
    8   15   95
    8   16  100
    8   17  105
    8   18  110
    9    0   10
    9    1   15
    9    2   20
    9    3   25
    9    4   30
    9    5   35
    9    6   40
    9    7   45
    9    8   50
    9    9   55
    9   10   60
    9   11   65
    9   12   70
    9   13   75
    9   14   80
    9   15   85
    9   16   90
    9   17   95
    9   18  100
   10    0    0
   10    1    5
   10    2   10
   10    3   15
   10    4   20
   10    5   25
   10    6   30
   10    7   35
   10    8   40
   10    9   45
   10   10   50
   10   11   55
   10   12   60
   10   13   65
   10   14   70
   10   15   75
   10   16   80
   10   17   85
   10   18   90
